intrinsic:
695.866044071405 0.0 419.88883132632395 
0.0 690.0725974132032 229.04162038724925 
0.0 0.0 1.0 
distortion:
0.17536660464225898 -0.8197425767899348 0.0001592302820654334 0.001065990382534343 1.4384354832157522
