intrinsic:
719.5998122254991 0.0 937.2590921987287 
0.0 720.3524285204414 546.8702185704374 
0.0 0.0 1.0 
distortion:
0.011979493800004947 -0.03175426503313933 0.02237065059617373 0.014897451769452232 0.029292841590587104
