intrinsic:
733.2106526035918 0.0 240.84637223354497 
0.0 728.8761605784133 425.666901463537 
0.0 0.0 1.0 
distortion:
0.14266955696019987 0.10740704264413732 0.00018360416800714474 -0.0004335794682563109 -2.014979018532985
