intrinsic:
714.1726482153013 0.0 244.53827542437392 
0.0 715.1274536469899 434.6235054027311 
0.0 0.0 1.0 
distortion:
-0.05616773675697531 -0.5143204386840945 0.000723755336885765 0.0007559518240566445 2.694836914563959
